x1,x2,x3,x4,x5,x6,x7,x8,x9,x10,y
8.286627639936803,5.963424141403283,7.589666590376747,6.660385190963338,0.5692240808771061,9.0,1.0,2.0,0.0,2.1601104945354415,1.0
-17.463772779868357,4.645881046017655,-10.830876632102552,-1.987015101748149,4.994907965844774,0.0,1.0,3.0,0.05,-27.04961598338553,0.0
24.185695310394888,4.244327861958698,18.20328507586403,10.226738096489555,7.3480102872259785,24.0,1.0,0.0,-0.1,66.87896299937802,1.0
-5.509930558804514,5.856582961994894,-2.0999765025646915,2.4466289057550714,4.000360135884829,0.0,1.0,3.0,0.15,-4.200331143577319,1.0
5.533964650101744,4.888819214452145,5.340421019406865,5.082362845147024,12.27893740171821,5.0,1.0,3.0,0.2,32.78734769805852,1.0
-2.713321651618921,5.048433372344917,-0.3847951444297697,2.719906865155765,3.6517354887536198,0.0,1.0,5.0,0.25,-0.7025850424071324,1.0
22.59854142079408,3.68656343383756,16.924948024707124,9.360156829924517,5.295299259355242,23.0,1.0,1.0,-0.3,44.8113323699288,1.0
-15.746783945383868,5.299295765913797,-9.432960031994568,-1.0145281474755024,3.0083355442015063,0.0,1.0,1.0,-0.35,-14.18875447564072,0.0
5.481732940223052,5.658530954764272,5.534772344585418,5.605491550401906,1.1104040489635973,5.0,1.0,3.0,0.4,3.0729168107596956,1.0
17.138461004980115,4.98105333613455,13.491238704326445,8.628275636788219,0.5786640592152898,11.0,1.0,3.0,0.45,3.903447476243984,1.0
8.732550120550709,4.626855228143389,7.5008416528285125,5.858563695865584,1.8755330466367615,8.0,1.0,1.0,-0.5,7.034038198734691,1.0
-3.1651862004290914,4.036615602205078,-1.0046456596388404,1.8760750614148272,4.0786862137022535,0.0,1.0,0.0,-0.55,-2.0488172008123726,1.0
14.677033512572885,5.90654325740792,12.045886436023395,8.537690333957409,1.62492778041075,15.0,1.0,2.0,-0.6,9.786847754783727,1.0
12.440109256483918,5.894681731392737,10.476480998956562,7.858309988920091,5.359709297362158,14.0,1.0,2.0,-0.65,28.075446306872735,1.0
-2.9483261557404523,5.944199837753725,-0.2805683576921991,3.276442039705472,3.083840859592265,0.0,1.0,0.0,-0.7,-0.43261408267995066,1.0
10.211123565569212,4.102607186063428,8.378568651717476,5.935162099915162,5.675698625537675,16.0,1.0,2.0,-0.75,23.777115290262962,1.0
16.564467534417595,6.575078026810374,13.56765068213543,9.57189487909254,1.7742684442068972,14.0,1.0,3.0,0.8,12.036327233667539,1.0
-11.293248999681957,3.458227625107434,-6.867806012245139,-0.9672153623293833,1.5548776265024953,0.0,1.0,1.0,-0.85,-5.339298955799644,0.0
-7.442965771244895,4.761209596192904,-3.7817131610135553,1.0999569859615645,6.227348996032968,0.0,1.0,4.0,0.9,-11.775023828261213,0.0
-3.830510439387334,4.5670924358024045,-1.3112295768304123,2.0478115732454834,0.38857402016269305,0.0,1.0,1.0,-0.95,-0.25475487401261004,1.0
14.186755544916815,6.784208694479192,11.965991489785527,9.004972749610477,2.949398310993479,12.0,1.0,1.0,-1.0,17.646237544667887,1.0
-12.011975419682098,4.8457661582106795,-6.954652946314265,-0.211556315157154,2.4961705338921263,0.0,1.0,1.0,-1.05,-8.679999879017863,0.0
8.422390757925973,6.092174790788052,7.7233259677845965,6.791239580929428,5.218517845410225,10.0,1.0,2.0,-1.1,20.152157194402054,1.0
-1.39020023108485,5.982695640955669,0.8216685305273056,3.770826879343513,3.48820914040441,0.0,1.0,2.0,-1.15,1.4330758392840037,1.0
2.6595522083286918,6.367408711206188,3.7719091591919405,5.25505176034294,6.900701904601629,0.0,1.0,4.0,1.2,13.014410359410077,1.0
2.7182816325092025,6.641152611494936,3.8951429262049224,5.464291317799216,4.2461879630522095,0.0,1.0,1.0,-1.25,8.26975450380965,1.0
-1.1584395327536496,5.186465037294191,0.7450318382607025,3.2829936662798387,2.5596189345317946,0.0,0.0,4.0,1.3,0.9534988000205619,1.0
20.47675649803934,3.5945587621514385,15.412097177272967,8.659218082917809,5.804209590677952,23.0,1.0,1.0,-1.35,44.72752112439417,1.0
14.347149948600423,4.264905699798557,11.322476673959864,7.289578974439117,7.5812551036761695,14.0,1.0,2.0,-1.4,42.9192920353563,1.0
14.057698283741455,3.3832043718356317,10.855350110169708,6.585552545407379,1.2002279060189993,13.0,1.0,2.0,-1.45,6.514447065916051,1.0
5.27944844869186,5.408022407206043,5.318020636246114,5.369450219651788,0.5940046827838328,7.0,0.0,4.0,1.5,1.5794645805356249,1.0
20.125446646893955,5.9776607742345895,15.881110885096145,10.2219965360324,1.4311877761247145,21.0,1.0,3.0,1.55,11.364425885015374,1.0
7.673888659693504,6.139074771194747,7.213444493143877,6.599518937744374,3.0307990967213327,6.0,1.0,2.0,-1.6,10.931250527034967,1.0
4.907851306696347,4.574110615694171,4.8077290993956945,4.674232822994824,2.3639755222557257,0.0,1.0,2.0,-1.65,5.682676954303993,1.0
23.143469230909155,7.386072247834907,18.41625013598688,12.11329134275718,1.1160373266164674,18.0,1.0,3.0,1.7,10.276611284033475,1.0
-21.33698973538053,4.998886689564925,-13.436226807896894,-2.901876237918712,6.1226350694488305,0.0,1.0,2.0,-1.75,-41.132556727549016,0.0
8.752690854717702,4.163203116018517,7.375844533107946,5.540049437628273,1.2860006782401376,9.0,1.0,1.0,-1.8,4.742670536085315,1.0
-6.117553109953091,5.380630653945799,-2.668097980783424,1.9311755247761315,0.7510525366326897,0.0,1.0,0.0,-1.85,-1.001940878225974,0.0
14.636936031110993,6.397234969992533,12.165025712775455,8.86914528832807,2.6801930950130304,16.0,1.0,1.0,-1.9,16.302308958018372,1.0
0.9114764188660072,5.540189507726309,2.3000903455240977,4.151575581068218,6.805207887973452,0.0,1.0,0.0,-1.95,7.826296481206087,1.0
8.783369564513738,5.224510692764734,7.715711902989036,6.292168354289434,5.432749860745028,6.0,1.0,2.0,-2.0,20.958766383256222,1.0
6.266366332981642,6.384187955073105,6.30171281960908,6.3488414684456655,13.695157782120354,6.0,1.0,0.0,-2.05,43.15147568107845,1.0
13.152234511197303,5.129142875131842,10.745307020377663,7.536070365951479,3.9938666144238018,14.0,1.0,3.0,2.1,21.45766148521002,1.0
-3.4639827316060696,4.81384268726782,-0.9806351059439025,2.330495061605653,7.524041407692629,0.0,1.0,1.0,-2.15,-3.689169571479485,1.0
3.491449014456929,5.317742138788881,4.039336951756514,4.769854201489295,1.288821156661703,0.0,1.0,1.0,-2.2,2.602991461154594,1.0
5.6124643102864,3.9935721053228863,5.126796648797345,4.47923976681194,8.24348044081913,14.0,1.0,1.0,-2.25,21.13132394920899,1.0
-0.2611556080142128,4.5779403953953,1.1905731930086412,3.126211594372446,1.6924998385503962,0.0,1.0,3.0,2.3,1.0075224684747774,1.0
7.356666098516784,4.683989935883902,6.554863249726919,5.485792784673766,3.423704108902765,10.0,1.0,0.0,-2.35,11.220956120692891,1.0
7.517855777979017,4.805275963114511,6.704081833519664,5.619049907573863,1.858187701607039,11.0,1.0,0.0,-2.4,6.228721206806704,1.0
15.492706509772626,2.587421060375655,11.621120874953535,6.459006695194746,3.8228532489962994,15.0,1.0,2.0,-2.45,22.21291984689742,1.0
20.589532710327784,4.30739531633684,15.7048914921305,9.192036534534122,6.1267981590602565,18.0,1.0,1.0,-2.5,48.110350141113116,1.0
3.1681679100075355,3.8811332356375643,3.382057507696544,3.6672436379485553,6.062005527738912,0.0,1.0,1.0,-2.55,10.251025653393668,1.0
-1.7828948622704797,5.997516267492325,0.5512284766583619,3.663392928563483,8.39945496329291,0.0,1.0,3.0,2.6,2.3150093820882343,1.0
18.707620851616902,2.8740288204494617,13.95754324226667,7.624106429799694,4.384198710312343,15.0,1.0,0.0,-2.65,30.596321540937144,1.0
0.3800791187202157,5.514588058130063,1.92043180054317,3.9742353763071083,5.712705285775868,0.0,1.0,2.0,-2.7,5.4854304489675165,1.0
-8.853356524149978,4.568247765647928,-4.826875237210606,0.5417664787085554,5.502952550089886,0.0,0.0,3.0,2.75,-13.281032697786914,0.0
3.612178433607488,3.2977801237087947,3.5178589406378795,3.3920996166784025,2.451831722023956,0.0,1.0,3.0,2.8,4.312599072130771,1.0
5.877161043150334,4.593776852008738,5.492145785807855,4.978792109351216,2.8338930976813224,6.0,0.0,0.0,-2.85,7.782077016930222,1.0
-11.725603785775824,6.999179593954067,-6.108168771856857,1.3817445800350994,5.408982801061101,0.0,1.0,2.0,-2.9,-16.51948991647612,0.0
12.215942253260055,6.050410333751262,10.366282677407415,7.900069909603899,4.10279037228366,12.0,1.0,4.0,2.95,21.26534238261901,1.0
3.8578077110130375,3.308727854703327,3.6930837541201242,3.47345181159624,4.215166651977979,0.0,1.0,1.0,-3.0,7.783481741664395,1.0
-3.6187226947862587,5.020575770869738,-1.0269331550894598,2.428786231172939,3.930552363406213,0.0,1.0,2.0,-3.05,-2.0182072698985376,1.0
-2.0241835634894336,5.367608373932163,0.1933540177370454,3.150070792705684,2.615639480143493,0.0,1.0,2.0,-3.1,0.2528722012186906,1.0
0.7461918256940963,5.173909139405733,2.0745070198075872,3.845593945292242,2.444949120605815,0.0,1.0,2.0,-3.15,2.5360320568845753,1.0
21.667740087149987,5.379484978218682,16.781263554470595,10.265961510898073,2.5786265130080572,18.0,1.0,1.0,-3.2,21.636305561666852,1.0
1.0488631913703257,6.2853206930788765,2.619800441882891,4.7143834425663105,9.152838877312243,0.0,1.0,2.0,-3.25,11.98930566763276,1.0
7.386091192419064,4.766020016103068,6.600069839524266,5.552041368997867,2.3805301716442657,11.0,1.0,4.0,3.3,7.85583269397342,1.0
10.964362973670404,4.204063054045327,8.936272997782881,6.232153029932849,2.097294069378181,7.0,0.0,2.0,-3.35,9.370996180297208,1.0
-2.4862122874060724,4.789184149803443,-0.3035933562432178,2.6065652186405885,4.698352050401602,0.0,0.0,2.0,-3.4,-0.7131942338968132,1.0
29.06800162772693,4.20283944493047,21.60845297288799,11.662388099769409,3.343129059372831,40.0,1.0,1.0,-3.45,36.119923530876534,1.0
14.119685126025749,4.141498033814008,11.126228998362226,7.13495416147753,3.304814632410312,16.0,1.0,1.0,-3.5,18.385062198667708,1.0
-10.39948949244198,6.62065607742737,-5.293445821481175,1.5146124064665645,3.358337525486183,0.0,1.0,3.0,3.55,-8.888588870704133,0.0
-14.632048736446457,6.745319260001058,-8.218838337512203,0.3321088610668035,2.3936088085034735,0.0,0.0,2.0,-3.6,-9.836341920167627,0.0
-10.031812908285861,6.400661134279901,-5.102070695516131,1.4709189215101723,2.6569945509326347,0.0,1.0,3.0,3.65,-6.778087018229719,0.0
11.275977625110274,6.6891059387041185,9.899916119188426,8.065167444625965,10.811033028497658,19.0,0.0,1.0,-3.7,53.51416007195121,1.0
5.461345032625649,5.363523401874376,5.431998543400267,5.392869891099758,14.718505517525301,3.0,0.0,4.0,3.75,39.975450266113114,1.0
10.154444995127278,6.076054533149688,8.930927856534002,7.2995716717429655,6.910553866966882,12.0,1.0,0.0,-3.8,30.858829017286645,1.0
-5.967099974226835,5.283518455282888,-2.5919144453739182,1.9083329264299709,2.0654949340312934,0.0,1.0,2.0,-3.85,-2.676793078181179,1.0
16.79194357376572,4.457079695498297,13.091484410285494,8.157538858978524,3.246624267621976,19.0,1.0,2.0,-3.9,21.25156549281383,1.0
-13.29495862826878,6.1307881110272024,-7.467234606479986,0.3030640892384069,1.5032984887542211,0.0,1.0,2.0,-3.95,-5.612741249547292,0.0
-12.399532825001858,5.630494748596787,-6.990524552922263,0.22148647651719333,1.7968973601556686,0.0,0.0,1.0,-4.0,-6.2806275576247,0.0
5.846043992048031,3.9310501676974763,5.271545844742865,4.505548315002643,6.025307848655724,5.0,1.0,3.0,4.05,15.881343276438827,1.0
6.9438139867063855,4.698733465007083,6.270289830196594,5.372257621516874,4.412259467021107,14.0,0.0,3.0,4.1,13.833072832125545,1.0
9.875742442556188,4.712090620322718,8.326646895886148,6.2611861669927595,1.2768156727344813,8.0,1.0,3.0,4.15,5.315796628996676,1.0
-4.986179945837013,4.436099266556165,-2.1594961821190592,1.6094155028382116,1.0946894043395252,0.0,1.0,2.0,-4.2,-1.181988794638696,1.0
15.346076567125694,4.0274280278700605,11.950482005349004,7.4230225896467505,1.9415755935715933,13.0,1.0,3.0,4.25,11.601382096501068,1.0
-11.89561778088994,5.499789831561208,-6.676995497154596,0.2811675478258633,1.4449420589806008,0.0,1.0,3.0,4.3,-4.823935810731381,0.0
8.40896507739236,6.848832272564319,7.940925235943947,7.31687211401273,6.7885489764086016,8.0,1.0,1.0,-4.35,26.95367994110226,1.0
-9.591840389144897,7.293786359384594,-4.52615236458605,2.2280983348257464,2.1624044478693984,0.0,1.0,2.0,-4.4,-4.893686002457735,0.0
7.819194608231853,5.73342273039761,7.193463044881579,6.359154293747882,2.446764720057548,11.0,1.0,0.0,-4.45,8.800355796626997,1.0
-10.753346105324546,5.764233288431031,-5.798072287197872,0.8089594703043579,0.41552059247577244,0.0,1.0,2.0,-4.5,-1.2046092159969084,0.0
12.393423995187106,5.284062745897809,10.260615620400316,7.416871120684598,2.6382487633828604,8.0,1.0,7.0,4.55,13.535028236033996,1.0
30.358277667910457,5.734272353159218,22.971076073485083,13.121473947584589,2.076707747662464,23.0,1.0,3.0,4.6,23.85210582697516,1.0
-13.28063649548007,4.651723927203855,-7.900928368674892,-0.7279841996013228,0.5995029175564238,0.0,1.0,4.0,4.65,-2.368314804212457,0.0
15.996539663270907,4.831683178831105,12.647082717938966,8.181140124163045,1.6194753333041345,9.0,0.0,2.0,-4.7,10.240819249979584,1.0
-1.620611328948108,5.628789604865192,0.5542089511958821,3.4539693247212018,18.547695423747268,0.0,1.0,2.0,-4.75,5.139649413947818,1.0
9.790119823864115,4.478075204331284,8.196506438004265,6.071688590191133,5.304689686280165,10.0,1.0,1.0,-4.8,21.739961582605098,1.0
15.04514095874546,6.334384271654665,12.43191395261822,8.947611277781903,7.528139336958786,14.0,1.0,3.0,4.85,46.794590230196,1.0
16.326939001187263,5.53964630981485,13.090751193775539,8.775834117226573,4.9893736378922275,13.0,0.0,3.0,4.9,32.65732445321494,1.0
7.929590726353855,2.542258188278421,6.313390964931225,4.1584579497010505,7.539212123575546,4.0,1.0,1.0,-4.95,23.798996851840904,1.0
4.362152543312337,5.599289424262796,4.733293607597474,5.228148359977658,4.953908266488307,0.0,1.0,4.0,5.0,11.724151165196695,1.0
8.312038345536868,5.23928255421508,7.390211608140331,6.161109291611616,6.623191623676263,13.0,1.0,2.0,-5.05,24.473393810115063,1.0
1.5771418654590794,5.748451866552918,2.8285348657872307,4.497058866224766,5.749523010653888,0.0,1.0,1.0,-5.1,8.131363148640245,1.0
-2.4633189810418408,4.341139421938756,-0.4219814601476617,2.299801901044577,9.813875279657267,0.0,0.0,1.0,-5.15,-2.0706367101084076,1.0
-6.170764194055639,5.286497803025628,-2.7335855949312586,1.8493192039012478,0.6347274333065583,0.0,1.0,2.0,-5.2,-0.8675408841972495,0.0
1.445325838639821,4.901376951699509,2.4821411725577276,3.8645616177816025,2.093834311325707,0.0,1.0,2.0,-5.25,2.5985961763277965,1.0
7.56525075692987,5.923985760719985,7.072871258066904,6.41636525958295,4.923437460679244,6.0,1.0,4.0,5.3,17.411419653264062,1.0
-21.790059596850252,4.981336174171667,-13.758640865543676,-3.0500825571349086,4.784876575924776,0.0,1.0,2.0,-5.35,-32.91669919705066,0.0
-6.512763865931808,6.676440834271343,-2.5560024558708627,2.7196794242103977,5.974353134373549,0.0,1.0,3.0,5.4,-7.635230641849289,1.0
4.551740468215961,4.440706176647818,4.518430180745518,4.474016464118261,0.5704158418644649,0.0,1.0,2.0,-5.45,1.2886920777278805,1.0
0.06253946511257968,4.47774411340918,1.38710085960156,3.1531827189202,1.2323332414842945,0.0,1.0,3.0,5.5,0.8546852492892207,1.0
-3.105575493966028,4.894645358974293,-0.7055092380839316,2.4945791030921964,5.055842449603704,0.0,1.0,1.0,-5.55,-1.7834717772461537,1.0
4.7483293339397665,6.538178137721086,5.285283975074162,6.0012234965866895,5.0770689549436305,0.0,0.0,3.0,5.6,13.416875593955046,1.0
17.263026766346936,5.316092380602307,13.678946450623547,8.900172696325695,1.1468347439040179,25.0,1.0,2.0,-5.65,7.843745524788815,1.0
15.655298270685766,3.6357005150979407,12.049418944009417,7.241579841774288,1.8777571135509108,19.0,1.0,3.0,5.7,11.312941068134394,1.0
-5.959141525639037,3.000928421898506,-3.2711205413777744,0.3129074376372427,2.763253365007364,0.0,1.0,3.0,5.75,-4.519467421653423,1.0
-10.001944037180122,5.881535768702791,-5.236900095415248,1.1164918269379167,2.9022264562152604,0.0,0.0,0.0,-5.8,-7.5993350027351765,0.0
-6.905335871550221,4.116166170640427,-3.5988852588930262,0.8097155579832322,5.793818437454226,0.0,1.0,2.0,-5.85,-10.42564388362832,0.0
-10.513759533244363,5.5698117335561745,-5.688688153204201,0.7447403535160131,3.43953917256909,0.0,1.0,2.0,-5.9,-9.783232871737782,0.0
14.754897598824067,4.8492771679432565,11.783211469559824,7.820963297207499,3.586831777982281,13.0,1.0,2.0,-5.95,21.132198672851235,1.0
0.25968225103248344,4.356829758583177,1.4888265032976915,3.127685506317969,3.8305982856943053,0.0,1.0,3.0,6.0,2.851548125614192,1.0
13.148966512825993,5.943579010196777,10.987350262037227,8.105195260985543,4.257190405469857,13.0,1.0,2.0,-6.05,23.3876210585408,1.0
-2.950855283570414,3.9086501961824047,-0.8930036396445682,1.8507985522565593,5.11961728285501,0.0,1.0,4.0,6.1,-2.2859184335883795,1.0
-6.139001921360391,5.177263653242672,-2.7441222489794717,1.7823839808617534,6.144987144275973,0.0,1.0,1.0,-6.15,-8.431297971150261,0.0
4.882125536641863,5.656495218748073,5.1144364412737255,5.42418431411621,9.924501232458756,0.0,1.0,2.0,-6.2,25.37911538237653,1.0
-3.820535332427232,4.760896530786957,-1.246105773462975,2.1864669718227,6.9383637523913935,0.0,0.0,2.0,-6.25,-4.322967565120574,1.0
-30.99708150200773,4.256360579376508,-20.421048877592458,-6.3196720450387645,1.6402649853988192,0.0,0.0,2.0,-6.3,-16.747965719516383,0.0
12.488317760057905,5.278749482496139,10.325447276789374,7.441619965764669,2.806405574652953,17.0,1.0,3.0,6.35,14.488696399183427,1.0
1.9180930105176905,4.308285283529239,2.6351506924211545,3.591227601625774,1.1222119003919453,0.0,0.0,2.0,-6.4,1.4785987331805472,1.0
7.478545438592781,3.795527204182374,6.373639968269659,4.900432674505496,2.260923799812089,10.0,1.0,3.0,6.45,7.20515714784722,1.0
-1.2171481427601938,6.45222003907924,1.0836623117916362,4.151409584527409,2.0105305903419755,0.0,1.0,2.0,-6.5,1.0893681137288942,1.0
-8.011351945880127,5.481888701769761,-3.963379751585161,1.4339165074747942,1.654418695730064,0.0,1.0,2.0,-6.55,-3.2785447796502334,0.0
9.505454639123725,6.588869484352306,8.6304790926923,7.463845030783731,4.133705011150555,6.0,1.0,1.0,-6.6,17.83792733704613,1.0
0.6154645169182285,4.302643512734467,1.7216182156631,3.196489813989595,1.8873197025154063,0.0,0.0,1.0,-6.65,1.6246219893151932,1.0
-10.218878212269171,5.604184267671959,-5.4719594682868316,0.8572655236896201,1.3171377365321817,0.0,1.0,1.0,-6.7,-3.603662154227579,0.0
10.288385297074573,5.708594853096245,8.914448163881074,7.082531986289743,6.7783514262609845,6.0,1.0,2.0,-6.75,30.212631212986448,1.0
-12.205970606192933,6.005592191977016,-6.742501766741947,0.5421233525260307,1.666026684020007,0.0,1.0,1.0,-6.8,-5.616593930222063,0.0
1.5887183390387454,4.158746583151377,2.359726812272535,3.387738109917587,1.5581434781695773,0.0,0.0,1.0,-6.85,1.8383964714021683,1.0
1.482897144912358,4.888505500206338,2.504579651500552,3.8668229936181437,2.3802602190136435,0.0,1.0,2.0,-6.9,2.9807756549089093,1.0
-4.339430752629329,6.1994477789232185,-1.1777671931635645,3.0377842194574534,3.3219926527940515,0.0,1.0,1.0,-6.95,-1.9562669811956168,1.0
-10.850883885319604,5.768352492126145,-5.865112972085878,0.7825815788924202,3.5483548294768363,0.0,1.0,2.0,-7.0,-10.405750969964084,0.0
-0.007554390418770929,5.086957056842794,1.5207990437596985,3.5586036226643247,7.467733806827436,0.0,1.0,0.0,-7.05,5.678461216237569,1.0
9.704804029573799,6.329075469755411,8.692085461628281,7.341794037700927,2.7078913322022165,6.0,1.0,4.0,7.1,11.768611440152062,1.0
0.7782712888629861,3.370568821644563,1.5559605486974593,2.59287956181009,2.22202294064703,0.0,1.0,1.0,-7.15,1.7286900169737474,1.0
4.7832915949838135,5.683816989555902,5.05344921335544,5.413659371184275,2.1164363957026993,0.0,1.0,1.0,-7.2,5.347651919490314,1.0
7.992987687618984,4.522341684126186,6.951793886571144,5.563535485174025,8.541966953421303,6.0,1.0,3.0,7.25,29.690996823043477,1.0
12.292683713911536,4.268142541755315,9.88532136226467,6.675504893402182,0.5069473110760196,8.0,1.0,2.0,-7.3,2.505668541861205,1.0
0.6169598010016282,3.462751358948129,1.4706972683855781,2.6090138915641785,11.865509563626576,0.0,1.0,2.0,-7.35,8.725286251614278,1.0
4.497714573248501,5.561856334038353,4.816957101485457,5.242613805801398,2.47945498328445,0.0,1.0,1.0,-7.4,5.9717141447727675,1.0
11.301427401553738,4.526830905292789,9.269048452675452,6.559209854171073,5.483212291918767,12.0,0.0,3.0,7.45,25.412080205050337,1.0
3.7991753788049287,5.149338074921985,4.204224187640046,4.744289266086868,2.310313862680575,0.0,0.0,1.0,-7.5,4.856538711260888,1.0
8.050584213768836,4.800096002867939,7.075437750498566,5.775242466138208,0.9681409707470509,11.0,0.0,1.0,-7.55,3.425010586114006,1.0
8.281015613645328,4.436220493282681,7.127577077536534,5.589659029391475,7.159674440706838,8.0,0.0,1.0,-7.6,25.515565713103133,1.0
8.280022711364598,4.772393572797184,7.227733969794373,5.824682314367408,1.5649336632829114,10.0,1.0,1.0,-7.65,5.655462099292325,1.0
17.128225629170394,5.455526846581732,13.626415994393795,8.957336481358329,5.530964170479864,13.0,1.0,3.0,7.7,37.68360931852291,1.0
0.16274512242459682,5.093250953494559,1.6418968717455855,3.61409920417357,7.507123147208055,0.0,1.0,1.0,-7.75,6.16296100560489,1.0
-1.1727444740382582,3.536739944656569,0.2401008515701898,2.1238946190481207,6.504698779229207,0.0,1.0,1.0,-7.8,0.7808918580502533,1.0
-2.3722017840077427,4.124216078942452,-0.42327642512268415,2.1752907200573937,1.4697324313577873,0.0,1.0,3.0,7.85,-0.3110515447159975,0.0
7.484038085250726,6.680792698965359,7.243064469365115,6.921766314850968,7.212937790768514,7.0,0.0,1.0,-7.9,26.121886716028165,1.0
7.778013530558752,3.399199099723581,6.4643692013082,4.712843428974132,1.5113256894015745,7.0,0.0,2.0,-7.95,4.88488361985671,1.0
9.183616290626148,4.514381693090982,7.782845911365597,5.915152072351532,4.3386814414827,8.0,1.0,2.0,-8.0,16.883644558780716,1.0
-14.205106995453797,2.8887098078779108,-9.076961954454283,-2.239435233121602,2.3952658718703064,0.0,1.0,3.0,8.05,-10.87086859488477,0.0
-4.759439393700374,4.283991381756885,-2.0464101610631964,1.5709621491197072,4.489754682313372,0.0,1.0,7.0,8.1,-4.5939398012835735,1.0
10.786194520390044,3.1782655150545365,8.503815818789391,5.460644216655188,6.847584076266945,18.0,1.0,1.0,-8.15,29.115296894124594,1.0
12.344229381027073,5.216530820373142,10.205919812830894,7.354840388569322,7.234961786581031,12.0,1.0,2.0,-8.2,36.91971992137087,1.0
-3.418677092078897,4.345749780702093,-1.0893490302446,2.0164217188677958,2.5634584556131284,0.0,1.0,3.0,8.25,-1.3962504913472407,0.0
-5.568240377421324,4.209590639826145,-2.6348910722470826,1.2762413346519044,5.464396943669343,0.0,1.0,0.0,-8.3,-7.199045361044298,0.0
13.5455983729179,4.278735227429389,10.765539429271344,7.058794171075942,1.299865380699594,11.0,1.0,2.0,-8.35,6.996876004333142,1.0
21.553914284204826,4.473028143860034,16.42964844210139,9.597293985963471,0.6157644784668175,26.0,1.0,2.0,-8.4,5.058396952171861,1.0
4.728921145098065,3.5156500770643166,4.36493982468794,3.8796313974744407,2.5270088767905525,0.0,1.0,0.0,-8.45,5.515120841821511,1.0
-13.140393717033735,5.279946901841667,-7.614291531371114,-0.24615528382095375,0.5331246071431727,0.0,1.0,2.0,-8.5,-2.029683090667906,0.0
-4.898989798660974,6.27263537737663,-1.5475022458496928,2.921147824565348,4.313251917337073,0.0,1.0,1.0,-8.55,-3.337383514497307,1.0
-11.74180206890262,6.205183280818037,-6.357706463986422,0.8210876759018397,4.5670372280283,0.0,1.0,2.0,-8.6,-14.517941052951077,0.0
-3.1827691218917877,3.372170121264233,-1.2162873489449813,1.405688348317427,3.174267578082579,0.0,1.0,3.0,8.65,-1.9304107486940332,1.0
-0.36533109437965017,5.481115264465018,1.3886028132737502,3.7271813568116174,8.855180601023985,0.0,1.0,4.0,8.7,6.148164347314522,1.0
19.938155358780833,4.675037992609226,15.35922014892935,9.253973202460708,5.306483969567052,19.0,0.0,1.0,-8.75,40.75172775267243,1.0
4.646209629259008,5.615801966636419,4.937087330472232,5.324924265423196,3.852725359725487,0.0,0.0,4.0,8.8,9.510620780644887,1.0
2.197905764782031,4.816505700298463,2.9834857454369605,4.030925719643533,6.363309631168237,0.0,1.0,3.0,8.85,9.49242178919608,1.0
21.047136759802406,3.1825530307369045,15.687761641082755,8.541928149456556,4.402464296154996,21.0,1.0,2.0,-8.9,34.532405255728364,1.0
1.890547135039462,5.3641153075047185,2.932617586779039,4.322044855765141,1.6829235352934473,0.0,1.0,2.0,-8.95,2.467685578402959,1.0
16.267380924845337,6.197618430058223,13.246452176409202,9.218547178494358,3.8379395450366394,21.0,1.0,2.0,-9.0,25.419541319638768,1.0
10.836658422114162,3.6452876597410313,8.679247193402222,5.80269888845297,0.847057077940192,4.0,1.0,1.0,-9.05,3.6759088831819495,1.0
-17.068163332610748,6.560012199619257,-9.979710672941746,-0.5284404600497448,1.9430796529772059,0.0,0.0,1.0,-9.1,-9.695686375596283,0.0
7.60288111537102,6.575074070768168,7.294539001990165,6.883416184149024,14.725802215876946,7.0,1.0,0.0,-9.15,53.70896929965379,1.0
-7.5317652237514,5.3010298022669655,-3.68192671594589,1.4511912944614558,3.491631136907115,0.0,1.0,2.0,-9.2,-6.427964982603414,0.0
2.3680071130501394,6.081988531077025,3.482201538458205,4.967794105668959,3.851315094188531,0.0,1.0,3.0,9.25,6.705527673035304,1.0
-15.209658023159207,6.0994183441441345,-8.816935112968205,-0.29330456604686805,1.5986208589711486,0.0,1.0,1.0,-9.3,-7.047468191893056,0.0
14.145068386579931,5.637153800563419,11.592694010774977,8.189528176368372,5.9224161645869415,15.0,1.0,0.0,-9.35,34.32837920026198,1.0
-4.117812184201861,3.9195546701743385,-1.7066021278890007,1.5083446138614787,5.908916847854823,0.0,1.0,4.0,9.4,-5.042085033034104,0.0
-4.388981950547354,3.5936990361599186,-1.994177654535172,1.1988947401477368,4.663657990198349,0.0,1.0,3.0,9.45,-4.650081276223979,1.0
10.206924361975759,5.132834888701994,8.684697519993628,6.655061730684123,2.1164183376707886,9.0,1.0,4.0,9.5,9.190226544219268,1.0
27.44962206871736,5.567169801395547,20.884886388520815,12.131905481592092,10.055067705076242,28.0,0.0,2.0,-9.55,104.99947332470101,1.0
-1.4362841126243318,5.27796795837463,0.5779915086753566,3.2636923370749407,0.7624516211149756,0.0,0.0,1.0,-9.6,0.22034528139010806,1.0
-0.5054916460790357,5.300290211652323,1.2362429112403717,3.5585556543329147,2.0100654452327205,0.0,1.0,1.0,-9.65,1.242464578899086,1.0
-9.308757657663978,6.130039676619686,-4.677118457378879,1.4984004763345866,2.6346206715319167,0.0,1.0,1.0,-9.7,-6.161216485506932,0.0
-4.643993579004627,5.48255940872951,-1.606027682684386,2.444593512409268,2.959299536098042,0.0,1.0,3.0,9.75,-2.3763584881642585,1.0
7.629179326620906,5.282271691900001,6.925107036204634,5.9863439823162725,1.9746468464440992,6.0,1.0,2.0,-9.8,6.837320385164661,1.0
-1.8250060161681887,5.96285187199925,0.511351350282043,3.6264945055490183,2.1574100565061523,0.0,1.0,1.0,-9.85,0.5515972727532399,1.0
8.81817109679612,5.316433796341353,7.76764990665969,6.366954986477783,7.444858172811859,5.0,1.0,2.0,-9.9,28.914525945568332,1.0
1.7497110307991908,4.237769570146529,2.4961285926033923,3.4913520083423273,2.726186662048522,0.0,1.0,2.0,-9.95,3.4024562379566583,1.0
7.000126390282071,4.274861872451724,6.182547034932966,5.092441227800828,2.825859122969991,4.0,1.0,1.0,-10.0,8.735503470928196,1.0
-2.1035327172832465,4.854091470859084,-0.016245460840547565,2.7668042144163847,3.409345125938199,0.0,1.0,3.0,10.05,-0.02769319136767036,1.0
3.1513341395561367,4.931353358663297,3.6853399052882847,4.3973475929311485,9.99188678408907,0.0,1.0,1.0,-10.1,18.41174954726304,1.0
5.960655602668361,4.653356716822209,5.568465936914515,5.045546382576054,2.690337004934482,8.0,1.0,2.0,-10.15,7.49052498539914,1.0
7.275609421514724,5.230654090291975,6.662122822147898,5.844140689658799,2.769076129484547,5.0,1.0,1.0,-10.2,9.223962639251985,1.0
16.589069055433214,4.673838493172808,13.014499886755091,8.24840766185093,1.099083838189231,15.0,1.0,3.0,10.25,7.152013243824048,1.0
15.615576434750826,4.293383290599176,12.218918491505331,7.690041233844671,1.8103083864760416,17.0,1.0,2.0,-10.3,11.060005309419642,1.0
6.738498896221704,3.874891954787008,5.879416813791295,4.733974037217417,5.568008692077197,4.0,1.0,4.0,10.35,16.368321961767375,1.0
2.372198729428579,4.816857538500015,3.1055963721500097,4.083459895778584,0.7425334448649155,0.0,1.0,1.0,-10.4,1.1530045862862655,1.0
8.379685044006541,5.415361931526886,7.490388110262644,6.304658865270782,4.45865722227023,5.0,1.0,0.0,-10.45,16.6985365227148,1.0
11.502329343669377,5.609051999238908,9.734346140340236,7.377035202568048,6.8937044784881,10.0,1.0,2.0,-10.5,33.55285279140842,1.0
-13.8141015811796,4.172555275952202,-8.418104524040057,-1.2234417811873386,9.160890123216983,0.0,1.0,0.0,-10.55,-38.55866529524338,0.0
3.3158140226682766,6.543482169603586,4.2841144667488695,5.575181725522993,0.8251702149363449,0.0,1.0,4.0,10.6,1.7675618276695346,1.0
-6.574652077471489,4.47565846663357,-3.259558914239971,1.1605653034020524,0.831893845456499,0.0,1.0,3.0,10.65,-1.35580349982955,0.0
-2.1460022039375586,5.972999766134364,0.2896983870840182,3.5372991751127865,5.9978434317605025,0.0,1.0,1.0,-10.7,0.868782784081745,1.0
17.074168901232262,5.351779457826684,13.557452068210589,8.868496290848356,4.84863324261615,12.0,1.0,4.0,10.75,32.867556391550465,1.0
5.995643753376805,5.805987085625631,5.938746753051452,5.8628840859509825,6.682010191807235,3.0,1.0,4.0,10.8,19.841383165225963,1.0
3.589178393324426,3.7184575146881373,3.6279621297335396,3.6796737782790236,3.314432968576004,0.0,1.0,5.0,10.85,6.012318645767029,1.0
-19.929540673055918,3.4661106883279333,-12.910845264640763,-3.552584720087222,1.467629480326307,0.0,1.0,1.0,-10.9,-9.474168563159042,0.0
0.13908392626086252,4.119366958840815,1.3331688360348481,2.925282049066829,4.66878199904908,0.0,1.0,1.0,-10.95,3.1121373316863568,1.0
15.845416375955494,4.574499895478742,12.464141431812468,7.955774839621768,5.104337116723324,18.0,1.0,3.0,11.0,31.810589869244687,1.0
5.789224346587843,5.325277241859849,5.650040215169445,5.4644613732782465,9.345711273948819,8.0,1.0,1.0,-11.05,26.401822268586645,1.0
8.371957184426623,5.357282071482339,7.467554650543338,6.261684605365623,4.821751484770335,5.0,0.0,2.0,-11.1,18.00334636193048,1.0
29.815470641057317,5.263032788428827,22.44973928526877,12.628764144217373,0.09419527183851875,27.0,1.0,2.0,-11.15,1.0573296473398828,1.0
1.4042903644686238,5.217698432845365,2.548312784981646,4.073676012332342,5.237829859878555,0.0,1.0,3.0,11.2,6.6738143987435725,1.0
-12.4298544566506,5.571408005214669,-7.029475718091019,0.17102926665508766,0.7161439715268973,0.0,1.0,2.0,-11.25,-2.5170583292527957,0.0
31.744797479604962,3.368045556356178,23.231771902630324,11.881071133330813,1.603214206528904,27.0,1.0,2.0,-11.3,18.622753378567978,1.0
-9.761193541565103,6.504249968029484,-4.881560488686726,1.6246169151511078,2.1466552599867716,0.0,1.0,3.0,11.35,-5.239513749991478,0.0
17.63599158297569,5.605742976733305,14.026917001102975,9.21481755860602,3.470503477419491,22.0,1.0,3.0,11.4,24.340232114901227,1.0
7.603665243551315,5.321916592996107,6.919140648384753,6.006441188162669,1.208244627677034,8.0,1.0,2.0,-11.45,4.1800072582763335,1.0
11.239420248626127,5.827743102327289,9.615917104736475,7.4512462462169395,1.9824552622834073,11.0,1.0,2.0,-11.5,9.531562732982925,1.0
19.927892342446526,4.865004728500681,15.409026058262771,9.383871012684434,6.373788404773885,17.0,1.0,2.0,-11.55,49.10693580950694,1.0
-4.609768263778337,5.852977080601892,-1.4709446604642678,2.714153477287824,9.013680862713425,0.0,1.0,5.0,11.6,-6.6293128680686335,0.0
8.109753884112752,5.250207607675401,7.251890001181547,6.108071490606606,1.5663915048165133,13.0,1.0,1.0,-11.65,5.679649445857295,1.0
7.442908652183966,6.526352898337638,7.167941926030068,6.801319624491536,3.564796197420787,10.0,1.0,4.0,11.7,12.77612606062251,1.0
7.219701230789373,4.419963518092534,6.379779916980321,5.259884831901585,2.0642009633080876,7.0,1.0,0.0,-11.75,6.584573925162185,1.0
6.04083111562749,4.477954867922749,5.571968241316067,4.946817742234171,2.0229351469686048,7.0,1.0,1.0,-11.8,5.6358651965755575,1.0
17.708185996914118,5.841121872521961,14.14806675959647,9.401241109839606,2.590791076765362,26.0,0.0,3.0,11.85,18.327342557121582,1.0
15.21794618337457,4.806873568341554,12.094624398864665,7.930195352851458,4.090484371663551,20.0,1.0,3.0,11.9,24.736436042348288,1.0
6.191238562579972,4.190299027304016,5.590956701997185,4.790580887886803,1.012979934932404,5.0,1.0,1.0,-11.95,2.8317634780994982,1.0
9.159171755964579,6.49806299519415,8.360839127733449,7.296395623425278,5.519526869088009,7.0,0.0,3.0,12.0,23.07393810682356,1.0
21.35013123632081,4.006493002351959,16.147039766130153,9.209584472542614,4.4623506580353025,19.0,1.0,1.0,-12.05,36.02687676285654,1.0
-11.394753670757925,4.915899157485655,-6.501557822284851,0.02270330901258122,6.813797886507129,0.0,1.0,1.0,-12.1,-22.150150474244207,0.0
2.410933100498717,5.482230844688515,3.3323224237556563,4.560841521431575,1.3338130944836708,0.0,1.0,2.0,-12.15,2.222347641923429,1.0
9.050845453331991,5.276255303013159,7.9184684082363415,6.408632348108808,2.8638228245257333,8.0,1.0,3.0,12.2,11.338545281396593,1.0
22.689168901460754,4.167261330424615,17.132596630149912,9.723833601735457,1.2211167492564132,24.0,1.0,0.0,-12.25,10.46045035166502,1.0
-8.176580618350165,5.147765361338665,-4.179276824443516,1.150461567432016,3.6157905661105656,0.0,0.0,4.0,12.3,-7.555694857493694,0.0
7.181772264147274,4.813234473155368,6.471210926849702,5.52379581045294,0.59495599818258,7.0,1.0,1.0,-12.35,1.9250428782169418,1.0
13.57880975529444,4.016675432892384,10.710169458573823,6.8853157296130005,2.4296868955870035,11.0,1.0,4.0,12.4,13.011179191506486,1.0
-1.6761932799400956,4.200324891463999,0.08676217148113285,2.4373694400427706,19.953013356795083,0.0,0.0,2.0,-12.45,0.8655833832137946,1.0
-9.1935832267084,4.992797138794109,-4.937669117057647,0.7368830291433559,1.2741564914107646,0.0,1.0,2.0,-12.5,-3.1456815789687296,0.0
5.879249287758346,5.731966511648855,5.835064454925498,5.776151344481702,4.346571032985764,5.0,0.0,1.0,-12.55,12.681261067692018,1.0
21.174513141348683,5.126823738053141,16.360206320360017,9.941130559041802,1.2744100983888988,23.0,1.0,2.0,-12.6,10.424806073196347,1.0
22.443108501993894,3.99295319076413,16.908061908624962,9.527999784133058,8.019861273774778,20.0,1.0,2.0,-12.65,67.80015545778389,1.0
16.605128232821436,4.02753901604421,12.831851467788269,7.800815781077378,3.33833667786106,17.0,1.0,2.0,-12.7,21.41852019989143,1.0
-8.062826393048121,3.304714769940211,-4.652564044151622,-0.10554757895628919,2.178920707874382,0.0,1.0,1.0,-12.75,-5.068784070256875,0.0
3.6837435952725937,4.929651796301579,4.057516055581289,4.555879335992883,2.0320734554098756,0.0,1.0,1.0,-12.8,4.122585335723059,1.0
2.8378671129885253,3.2922233836823223,2.974173994196664,3.155916502474183,8.512376532215857,0.0,0.0,3.0,12.85,12.658644455463191,1.0
3.5141672839070104,5.579256417389515,4.133694023951762,4.959729677344763,1.0607759317223104,0.0,0.0,2.0,-12.9,2.1924615648561883,1.0
9.070177951141769,3.6528173286103827,7.444969764382353,5.278025515369798,2.493439425331838,8.0,1.0,0.0,-12.95,9.281790565457223,1.0
-0.030241207450409036,5.341095404242258,1.581159776057391,3.7296944207344573,0.9758230865732408,0.0,1.0,3.0,13.0,0.7714661065188887,1.0
-4.290549334040426,4.390853043551338,-1.6861286207628965,1.786432330273809,2.9224350629208167,0.0,1.0,3.0,13.05,-2.4638007009559026,1.0
19.93058406091918,3.2193248938853323,14.917206310809025,8.232702643995486,2.0641506305073634,25.0,1.0,1.0,-13.1,15.395680405932435,1.0
13.214374626045927,5.174692163668412,10.802469887332672,7.586596902381666,9.292896199538399,14.0,1.0,2.0,-13.15,50.19311568081089,1.0
6.68502718661235,4.968096522242948,6.169947987301529,5.483175721553768,4.394195770475162,6.0,0.0,2.0,-13.2,13.555979674926059,1.0
14.523451859200687,4.745183805637027,11.589971443131589,7.678664221706125,1.9084038227378606,17.0,1.0,2.0,-13.25,11.05917290374748,1.0
18.31907449913724,4.551811441017225,14.188895581701235,8.681990358453229,2.601903677900584,22.0,0.0,4.0,13.3,18.459069799687896,1.0
8.853920892993072,4.696380886391882,7.606658891012715,5.9436428883722385,0.739219970592908,12.0,1.0,1.0,-13.35,2.8114970808623507,1.0
-7.850999209587966,3.747680638006178,-4.371395255309723,0.2680766837279349,1.2370910806771673,0.0,0.0,2.0,-13.4,-2.7039070402290735,0.0
1.8933328025482457,3.844924530231844,2.478810320853325,3.2594470119267642,8.91040018363534,0.0,1.0,3.0,13.45,11.043595969064322,1.0
-4.802117281469884,5.217627832276031,-1.796193747346109,2.2117042981522568,1.472263527658625,0.0,1.0,5.0,13.5,-1.3222352714130736,1.0
0.6444004582643905,4.57671963211446,1.8240962104194114,3.397023879959439,5.510770970517002,0.0,1.0,0.0,-13.55,5.026088221904683,1.0
6.082028548685643,4.322772443385145,5.554251717095493,4.850549274975294,3.949038073256037,4.0,1.0,2.0,-13.6,10.96697574962891,1.0
9.767932176938505,6.217916417424256,8.70292744908423,7.2829211452785305,4.080571906959791,11.0,1.0,2.0,-13.65,17.75646062852117,1.0
-10.799832220675956,4.080687803504571,-6.335676213421798,-0.38346820374958757,6.255012598882994,0.0,1.0,2.0,-13.7,-19.814867268698322,0.0
7.740681093293189,5.242947172598463,6.99136091708477,5.99226734880688,3.6283554780994343,7.0,1.0,4.0,13.75,12.683571341437405,1.0
19.43149006107499,5.598900728554699,15.2817132613189,9.748677528310786,1.5172395202894502,20.0,1.0,2.0,-13.8,11.593009648902209,1.0
5.075459297127597,5.011049026209245,5.056136215852091,5.030372107484751,1.827564018654818,8.0,1.0,1.0,-13.85,4.620206310754407,1.0
8.29296907968667,3.4956421333668084,6.853770995790711,4.934840217262767,3.937645639165759,7.0,1.0,0.0,-13.9,13.493860736708028,1.0
8.128430871496024,6.238594775116896,7.561480042582285,6.805545604030634,5.440775235909125,8.0,1.0,5.0,13.95,20.570156681251383,1.0
3.9591483361443918,3.807909463235344,3.913776674271677,3.853281125108058,2.437067566536803,0.0,0.0,1.0,-14.0,4.769069097767889,1.0
13.355252250194395,3.477774690622243,10.39200898232275,6.441017958493888,1.4856405308693965,19.0,1.0,2.0,-14.05,7.719394870648753,1.0
-2.768298034778071,4.6697570221986,-0.5368815176850696,2.438340505105599,0.5152038992882461,0.0,1.0,1.0,-14.1,-0.13830172568356966,1.0
-2.381985706606617,3.5517973362183586,-0.6018507937591242,1.771662423370866,6.365814063817389,0.0,0.0,1.0,-14.15,-1.9156351236157458,1.0
-3.73166341864932,5.096470990230196,-1.083223095985465,2.448030667566341,6.615523323039347,0.0,1.0,2.0,-14.2,-3.5830438277733663,1.0
3.311024034756554,4.36964053648294,3.62860898527447,4.052055585965024,2.0094422959746283,0.0,1.0,2.0,-14.25,3.6457401852820484,1.0
6.72691397821285,3.6750060584046453,5.811341602270389,4.5905784343471066,10.130640494336982,10.0,1.0,4.0,14.3,29.436306281192778,1.0
8.537142537187586,5.053343308610221,7.492002768614377,6.098483077183429,4.353915176338353,8.0,1.0,3.0,14.35,16.309772277719546,1.0
8.747879824010486,6.254242399959127,7.999788596795078,7.002333627174535,3.54026357103144,11.0,0.0,2.0,-14.4,14.160680072593166,1.0
4.797526830425434,5.522227099381466,5.014936911112243,5.304817018694656,11.552086294553593,0.0,1.0,1.0,-14.45,28.966491979455338,1.0
1.8915161792260597,7.129558812198551,3.462928969117807,5.558146022306803,1.239516386679929,0.0,1.0,1.0,-14.5,2.146178601565078,1.0
5.502868992984497,4.2600270037546295,5.130016396215536,4.63287960052359,1.9863475220081743,4.0,0.0,2.0,-14.55,5.094997678242017,1.0
13.286318534490771,7.2628799786269855,11.479286967731634,9.06991154538612,4.30348896159323,15.0,1.0,2.0,-14.6,24.700492376297053,1.0
13.356338795077132,5.571630438686703,11.020926288160002,7.9070429456038305,11.565693276565538,16.0,1.0,0.0,-14.65,63.732326536248266,1.0
8.194582506055692,4.354898711262532,7.042677367617744,5.50680384970048,2.3086743079123426,10.0,1.0,0.0,-14.7,8.129624148767407,1.0
19.681660479468178,5.734658541449752,15.497559898062649,9.918759122855281,3.1558631340901284,18.0,1.0,2.0,-14.75,24.45408897532474,1.0
8.17595650002848,4.01746741180129,6.928409773560323,5.265014138269446,5.558786648994325,4.0,0.0,2.0,-14.8,19.25677587401446,1.0
1.940058629835532,4.9369120555549175,2.839114657551348,4.037856027839101,2.9256987140554553,0.0,1.0,2.0,-14.85,4.153197051326987,1.0
9.436969413637117,2.624338737885289,7.393180210911568,4.668127940610837,4.428299093926941,6.0,1.0,1.0,-14.9,16.369606614609143,1.0
7.220961083118475,4.781357111883518,6.489079891747987,5.513238303254004,5.648195205890434,13.0,1.0,3.0,14.95,18.325794967605496,1.0
